# l  H_ME_l   H_ME_(l+1)   H_finalState_l   H_finalState_(l+1)
  -1 nan 1. nan 1.
   1  0.0000000000000000e+00  9.5482161240146834e-01  1.4137153775227364e-05  9.1266746995907977e-01
   3  2.2678741181371420e-03  8.7011388108042598e-01  1.6277257271101820e-03  8.1621483627602953e-01
   5  1.4598723927620738e-02  7.8349404715939386e-01  9.1714832125299496e-03  7.2313104526022420e-01
   7  4.2804640373734770e-02  7.2722204589334838e-01  2.1592332207470491e-02  6.3566608545288916e-01
   9  8.3959702346140558e-02  7.1112640171312369e-01  4.1848499241601549e-02  5.2786294325104466e-01
  11  1.2648380508270976e-01  7.2014066742331018e-01  6.8998325205393618e-02  4.2673068783815316e-01
  13  1.5780494796074801e-01  7.2668922883675502e-01  1.0455918610466203e-01  3.4312127849621976e-01
  15  1.7403091106107635e-01  7.0880803972178019e-01  1.4167595127155180e-01  2.8465803223047659e-01
  17  1.8396702984053540e-01  6.6218056856840923e-01  1.7436240178668802e-01  2.3989816994928193e-01
  19  2.0371657975838312e-01  5.9950064523526958e-01  1.9721460449196723e-01  2.0172280669997605e-01
  21  2.4519111692704401e-01  5.3954522326422794e-01  2.1585879502813485e-01  1.7729732067676876e-01
  23  3.0676158909958029e-01  4.9465108166130828e-01  2.2464696534300499e-01  1.6628257716714218e-01
  25  3.7313790039828376e-01  4.6496280507674415e-01  2.2128082234219307e-01  1.6563199968091508e-01
  27  4.2502956493256905e-01  4.4188302325124318e-01  2.1094528838154872e-01  1.6498584120775711e-01
  29  4.5197162673559854e-01  4.1645696681546962e-01  2.0345133041462030e-01  1.6965656428644024e-01
  31  4.5922714941894549e-01  3.8579281664389886e-01  1.9615153538361715e-01  1.7886134258510192e-01
  33  4.6380268244139705e-01  3.5337838025022172e-01  1.8784720373549768e-01  1.9055724262953591e-01
  35  4.8236765407004245e-01  3.2450835378165477e-01  1.8350587468869872e-01  1.9538590269575981e-01
  37  5.1960802972492603e-01  3.0158278795744681e-01  1.8470168248073404e-01  1.9808893666098321e-01
  39  5.6512605087436307e-01  2.8326806792548259e-01  1.8947533680593018e-01  1.9975158201639126e-01
  41  6.0081039155760108e-01  2.6756864998884922e-01  1.9303905450526165e-01  1.9935347807570664e-01
  43  6.1320949445008643e-01  2.5531673101523172e-01  2.0074082753597006e-01  1.9591042237603989e-01
  45  6.0216514097063856e-01  2.5040950092022030e-01  2.0878913794312093e-01  1.8932342083489884e-01
  47  5.7998736933768247e-01  2.5628475458221101e-01  2.1856319496778301e-01  1.8102780274111838e-01
  49  5.6234479638798440e-01  2.7177236259923698e-01  2.2327951087054551e-01  1.7416776291299013e-01
  51  5.5770809763249118e-01  2.9037027627484424e-01  2.2655243666777489e-01  1.7144759022001591e-01
  53  5.6267008846901523e-01  3.0428369037182296e-01  2.2228049546160533e-01  1.6737602636767754e-01
  55  5.6577479442249390e-01  3.1043106877359239e-01  2.1735353943788871e-01  1.6704664286329404e-01
  57  5.5634060949230491e-01  3.1354332090995929e-01  2.0638291732868455e-01  1.7149660716276768e-01
  59  5.3165866685356422e-01  3.2336183129531060e-01  1.9314885359581419e-01  1.8008014192506536e-01
  61  4.9783451332996298e-01  3.4747787080751136e-01  1.7895163711142614e-01  1.8685010373781619e-01
  63  4.6458220446386383e-01  3.8500803515624471e-01  1.6845206843511046e-01  1.9626388568645209e-01
  65  4.3850470835302735e-01  4.2607277629958046e-01  1.5602153359578860e-01  2.0534349197100835e-01
  67  4.1981310859484616e-01  4.5790707990147539e-01  1.4429952241379143e-01  2.1204102841836411e-01
  69  4.0418060287867985e-01  4.7343434357012010e-01  1.3782619479463928e-01  2.1245953017961697e-01
  71  3.8736703394148841e-01  4.7609982338224865e-01  1.3575989621901102e-01  2.0832071205359634e-01
  73  3.6856430253947942e-01  4.7733148234772449e-01  1.3746392074259986e-01  1.9992474078909980e-01
  75  3.5011542571009047e-01  4.8833265362218115e-01  1.4060956178659581e-01  1.8955033073653493e-01
  77  3.3460110519519071e-01  5.1205432638638959e-01  1.4785172363716972e-01  1.7751694544512828e-01
  79  3.2237572205508180e-01  5.4106156828960028e-01  1.5738826159486888e-01  1.6470752483955700e-01
  81  3.1185056356526963e-01  5.6271394868392755e-01  1.7128402521924752e-01  1.5300543501775615e-01
  83  3.0205703661767164e-01  5.6782707714950897e-01  1.8369722191921267e-01  1.4469087973635894e-01
  85  2.9480104454699319e-01  5.5662751919826592e-01  1.9397790409756163e-01  1.4054787333316079e-01
  87  2.9401139803041476e-01  5.3798404726948057e-01  2.0096825028421789e-01  1.3605022500362510e-01
  89  3.0244489203786473e-01  5.2284857723913236e-01  2.0781397266859317e-01  1.3269584569861478e-01
  91  3.1850344730725483e-01  5.1685825050879242e-01  2.1055636737398542e-01  1.3167058515032473e-01
  93  3.3621839061713998e-01  5.1728119923409388e-01  2.0771136302140281e-01  1.3401522185177853e-01
  95  3.4903519749108503e-01  5.1600350106313408e-01  2.0114745556036356e-01  1.3569149877089190e-01
  97  3.5478538762076811e-01  5.0584117086566871e-01  1.9220212648677762e-01  1.3836910758815987e-01
  99  3.5787425779817683e-01  4.8539644518001612e-01  1.8167468529107164e-01  1.4037312783697403e-01
 101  3.6654107380975104e-01  4.5926316517166410e-01  1.7058312204939718e-01  1.4428317062495144e-01
 103  3.8680256882692043e-01  4.3411487245569980e-01  1.6182085500642635e-01  1.4848768661346101e-01
 105  4.1746408027170201e-01  4.1410793647883587e-01  1.5278504987211025e-01  1.5234071578190325e-01
 107  4.5009722041839317e-01  3.9902360406066550e-01  1.4725522767569157e-01  1.5383520266625705e-01
 109  4.7433697250161727e-01  3.8598720930635988e-01  1.4387294749812418e-01  1.5565846934458480e-01
 111  4.8485395369886319e-01  3.7272299397239117e-01  1.4227590156030706e-01  1.5829690444255720e-01
 113  4.8496173408219084e-01  3.5942323887496552e-01  1.3990483641345577e-01  1.5929271736934736e-01
 115  4.8416202560319443e-01  3.4792054722355398e-01  1.4110365587906273e-01  1.5776688890010723e-01
 117  4.9132275385955287e-01  3.3937928381611038e-01  1.4225194254817905e-01  1.5502619656974001e-01
 119  5.0836530864863771e-01  3.3295131192518218e-01  1.4310099083824429e-01  1.5438733543239658e-01
 121  5.2894338723174938e-01  3.2678543903847312e-01  1.4328226711997133e-01  1.5372507475774896e-01
 123  5.4294193293022763e-01  3.2045715727779411e-01  1.4361573313623230e-01  1.5319656185788208e-01
 125  5.4344555533767069e-01  3.1639741142184130e-01  1.4331345144041585e-01  1.5136156291664704e-01
 127  5.3119170315372988e-01  3.1861752424000422e-01  1.4341858462582899e-01  1.5117862595227849e-01
 129  5.1354221919798448e-01  3.2940663245714230e-01  1.4280717128519768e-01  1.5085305163019516e-01
 131  4.9905585630509997e-01  3.4668820327189398e-01  1.4009861110055158e-01  1.5186201594967416e-01
 133  4.9177739523270780e-01  3.6454725281079448e-01  1.3861886209709201e-01  1.5104812849618551e-01
 135  4.8923049012149405e-01  3.7703933917428772e-01  1.3847829182833574e-01  1.4973911996545192e-01
 137  4.8511784714565814e-01  3.8262288435483793e-01  1.3869045385466905e-01  1.4832924910068268e-01
 139  4.7428809102304909e-01  3.8571429438024235e-01  1.3747019558426291e-01  1.4847084411453773e-01
 141  4.5618808147550582e-01  3.9380620712241965e-01  1.3861237025834017e-01  1.4769020921574103e-01
 143  4.3458041204012432e-01  4.1195033414970134e-01  1.4110677448281417e-01  1.4626281212520154e-01
 145  4.1432289109866671e-01  4.3859962637668493e-01  1.4376103379319163e-01  1.4525400861069540e-01
 147  3.9805886139612695e-01  4.6603282561475817e-01  1.4492723656830162e-01  1.4357731003683163e-01
 149  3.8529207031306723e-01  4.8529825905346430e-01  1.4701953706409668e-01  1.4186929614758492e-01
 151  3.7407404912613346e-01  4.9223607778034895e-01  1.4863904059825567e-01  1.3969956088239413e-01
 153  3.6339696403889354e-01  4.9023712650991025e-01  1.4890669469197890e-01  1.3798992149151007e-01
 155  3.5408143964384220e-01  4.8770783052855210e-01  1.4831659604516520e-01  1.3567785916374375e-01
 157  3.4756252102794521e-01  4.9204622030832429e-01  1.4662880166336867e-01  1.3486993409131232e-01
 159  3.4398601748757784e-01  5.0444824029090918e-01  1.4535852105726738e-01  1.3307539068118421e-01
 161  3.4165080322957098e-01  5.1920341601768238e-01  1.4363023595645749e-01  1.3259968683726156e-01
 163  3.3854526442890504e-01  5.2783481862578507e-01  1.4129354281186093e-01  1.3316041325918715e-01
 165  3.3468430132990512e-01  5.2497279381724749e-01  1.3704148359736448e-01  1.3554448538415131e-01
 167  3.3299345305746142e-01  5.1176349782085362e-01  1.3538152272981435e-01  1.3640118290091868e-01
 169  3.3754498919387915e-01  4.9459988060379889e-01  1.3416904123094106e-01  1.3705385629096517e-01
 171  3.5022836446850547e-01  4.8042504638804140e-01  1.3334812594231515e-01  1.3830707922551508e-01
 173  3.6852054175276755e-01  4.7218601333403376e-01  1.3195018477803624e-01  1.4003379991197085e-01
 175  3.8646577018181905e-01  4.6758467096636469e-01  1.3328548171000895e-01  1.3983637583521843e-01
 177  3.9855414191148753e-01  4.6160377000982511e-01  1.3607806448847470e-01  1.3831799499548422e-01
 179  4.0376511203324816e-01  4.5052813120987767e-01  1.3984628847290906e-01  1.3732325837437520e-01
 181  4.0661236434618914e-01  4.3438636579178858e-01  1.4304628367148051e-01  1.3581989157958368e-01
 183  4.1409324223517013e-01  4.1631119106551584e-01  1.4684154988229059e-01  1.3450854224097683e-01
 185  4.3053408312110064e-01  3.9982569182391337e-01  1.5177137442610036e-01  1.3244980422372915e-01
 187  4.5406451572108292e-01  3.8648333105513355e-01  1.5668711059843157e-01  1.3106530143983589e-01
 189  4.7742686327276918e-01  3.7562707371881138e-01  1.6002889025397199e-01  1.3031192687629001e-01
 191  4.9270465640966665e-01  3.6603390000204966e-01  1.6167918520048374e-01  1.3176010147885675e-01
 193  4.9664488006223684e-01  3.5764066666529626e-01  1.6374535603218288e-01  1.3185369851740200e-01
 195  4.9275171921124389e-01  3.5168777892793379e-01  1.6576026848092790e-01  1.3202104045557678e-01
 197  4.8865018426872497e-01  3.4923373976224426e-01  1.6587382554836858e-01  1.3410954520206794e-01
 199  4.9064225687425839e-01  3.4959667303249442e-01  1.6250697919219317e-01  1.3795461346972188e-01
 201  4.9936765584496912e-01  3.5042572134229344e-01  1.5918858233792152e-01  1.4058004974931088e-01
 203  5.0959064214699978e-01  3.4963881403510710e-01  1.5580906855170035e-01  1.4293707381950138e-01
 205  5.1408238779344528e-01  3.4765331040627634e-01  1.5188019215001047e-01  1.4760088166082186e-01
 207  5.0865687072455490e-01  3.4780556184207811e-01  1.4611453560069204e-01  1.5310539767209344e-01
 209  4.9476830545901063e-01  3.5418692604609364e-01  1.4127071192924767e-01  1.5881126281865660e-01
 211  4.7805310308249571e-01  3.6831067497703818e-01  1.3695810147556720e-01  1.6251982837162932e-01
 213  4.6420491688634430e-01  3.8724879251351663e-01  1.3490621057790664e-01  1.6606830332503308e-01
 215  4.5533962778055742e-01  4.0500395305141434e-01  1.3343381390632578e-01  1.6869536250809575e-01
 217  4.4933196808628317e-01  4.1644800780915314e-01  1.3236471786858897e-01  1.7195498366965783e-01
 219  4.4218673174320056e-01  4.2103002143568868e-01  1.3235962408869692e-01  1.7145441901026831e-01
 221  4.3129996845935614e-01  4.2337792261229956e-01  1.3469707689070221e-01  1.6930776375945647e-01
 223  4.1710599895425982e-01  4.3009324532854631e-01  1.3836497917688251e-01  1.6679309857177854e-01
 225  4.0218063574998453e-01  4.4489588418047715e-01  1.4253729754437280e-01  1.6560069442502859e-01
 227  3.8896243027182453e-01  4.6563322230824994e-01  1.4747495566329621e-01  1.6275193549410172e-01
 229  3.7816312834633647e-01  4.8542155842270368e-01  1.5206608081285822e-01  1.5976429725966942e-01
 231  3.6905460023243808e-01  4.9720192862521473e-01  1.5611303892087888e-01  1.5832435774620629e-01
 233  3.6103794198540623e-01  4.9847898243518074e-01  1.5776509623477925e-01  1.5786262366114315e-01
 235  3.5479984823494337e-01  4.9285773001939381e-01  1.5846529853456670e-01  1.5774084755047499e-01
 237  3.5185725937600254e-01  4.8732233687922433e-01  1.5829576622734126e-01  1.5748938496268097e-01
 239  3.5288928294313859e-01  4.8727756994191451e-01  1.5792532360893988e-01  1.5849762108927656e-01
 241  3.5650523525612626e-01  4.9292055266724089e-01  1.5682151847710005e-01  1.5963158095817087e-01
 243  3.5984931938672954e-01  4.9942836636922766e-01  1.5637377852899059e-01  1.6196613125996850e-01
 245  3.6084591166532631e-01  5.0061274553818713e-01  1.5598579576181218e-01  1.6267289281872815e-01
 247  3.6029684628193365e-01  4.9325065906073939e-01  1.5657680904090368e-01  1.6324362072964907e-01
 249  3.6188203425071214e-01  4.7901431938741812e-01  1.5750605594832620e-01  1.6371425437119042e-01
 251  3.6966510415030707e-01  4.6287858024718170e-01  1.5746624873779574e-01  1.6499732628969505e-01
 253  3.8479233830657272e-01  4.4949519873381866e-01  1.5745990682835542e-01  1.6394004342846849e-01
 255  4.0397588480729263e-01  4.4032117178821151e-01  1.5815224289954202e-01  1.6298535899453523e-01
