#
    0 1.0000000000000000e+00 1.0000000000000000e+00 1.0000000000000000e+00 1.0000000000000000e+00 
    1 5.4459541090192844e-08 5.4455999734201612e-08 5.4415588453607389e-08 5.4351620640139334e-08 
    2 3.0753464668267807e-05 3.0747465615052200e-05 2.6238390910670846e-05 2.6145966647595073e-05 
    3 3.5943394005432465e-08 3.5929372476029105e-08 1.9266375429158886e-07 1.9130883581359732e-07 
    4 2.9097877053334011e-05 2.9078961028576192e-05 2.6452696292113319e-05 2.6143373670555609e-05 
    5 2.9224442193187052e-08 2.9195949371427434e-08 3.3988656794514053e-07 3.3394237464393485e-07 
    6 2.6731729273841184e-05 2.6695248872059111e-05 2.4084442836750568e-05 2.3496823164587878e-05 
    7 2.4395980077516123e-08 2.4351599725332292e-08 8.4497706888431742e-07 8.1760145367946579e-07 
    8 2.4567246374819614e-05 2.4509800281962002e-05 2.5095551770332681e-05 2.4055081967080055e-05 
    9 2.2001022138708488e-08 2.1936734148155599e-08 1.0111307692071500e-06 9.5900297318005394e-07 
   10 2.2065160346736007e-05 2.1986382678127050e-05 2.2064136148356069e-05 2.0681939675589307e-05 
   11 2.0622266245264686e-08 2.0533946370801120e-08 1.6019591218405975e-06 1.4823018723350687e-06 
   12 1.9324085997872320e-05 1.9226316730415335e-05 2.2069253156829187e-05 2.0134596600640588e-05 
   13 1.7951487628456485e-08 1.7845570249012217e-08 1.0484844973682173e-06 9.4205565474641487e-07 
   14 1.6425516218244779e-05 1.6313743391694595e-05 1.7914896993073681e-05 1.5833513545520002e-05 
   15 1.9341009372122293e-08 1.9190668615684522e-08 2.0038062923973378e-06 1.7400284154671028e-06 
   16 1.3606144046985872e-05 1.3486341872790401e-05 1.6849578728315600e-05 1.4358744346125969e-05 
   17 1.6876602779009463e-08 1.6709521610126413e-08 2.3896978675842437e-06 1.9961189407846701e-06 
   18 1.0788997958647917e-05 1.0669688593611685e-05 1.6486312052369660e-05 1.3482552943566640e-05 
   19 1.6998359327879343e-08 1.6789626794031608e-08 3.1747930618324663e-06 2.5389750801508134e-06 
   20 8.3398502107343462e-06 8.2267338888299445e-06 1.1189305833731481e-05 8.7403688258175309e-06 
   21 2.0118902748807604e-08 1.9818939417445779e-08 4.5779184941745373e-06 3.4887309298365230e-06 
   22 6.1276113273980171e-06 6.0276219692461944e-06 1.6246128934794624e-05 1.2064555579823397e-05 
   23 1.8239741516242755e-08 1.7915292876464337e-08 3.8754700923492426e-06 2.8011544075766133e-06 
   24 4.2281452507030745e-06 4.1464585223172944e-06 1.6735152776299595e-05 1.1759335580291495e-05 
   25 2.0963145709623461e-08 2.0524747942375124e-08 3.6485960814240372e-06 2.4894795024123238e-06 
   26 2.7823653230317539e-06 2.7195762623512140e-06 1.0655795874686596e-05 7.0515980694073975e-06 
   27 1.8419847474028757e-08 1.7972586726401855e-08 4.3285946859596287e-06 2.7749598273089017e-06 
   28 1.6590614269018444e-06 1.6158321723454320e-06 1.0294550963364687e-05 6.3857886687091198e-06 
   29 2.0495833349994520e-08 1.9924175144576361e-08 4.6412154209085540e-06 2.7824377452182895e-06 
   30 8.7871123715246588e-07 8.5253789565052577e-07 7.0393631383404003e-06 4.0738303554776385e-06 
   31 2.3926082174284922e-08 2.3166669514416187e-08 5.8990842279639646e-06 3.2916925043562910e-06 
   32 3.7143942607606486e-07 3.5890232512283072e-07 7.7045238394735544e-06 4.1403286108696295e-06 
   33 2.5439034495131612e-08 2.4527704966674291e-08 6.6608246565422115e-06 3.4431870649760064e-06 
   34 8.8847900884641856e-08 8.5475812208437467e-08 5.7901413722429362e-06 2.8757733879420961e-06 
   35 1.9136202415382084e-08 1.8368062736094801e-08 5.9167758282842276e-06 2.8201535649374489e-06 
   36 1.6014996063031653e-08 1.5336198659074632e-08 4.9120010663234717e-06 2.2441791517933225e-06 
   37 2.9289209125216784e-08 2.7980378419255644e-08 4.0630169894572771e-06 1.7772495962297454e-06 
   38 5.7510665057886146e-08 5.4805120424765667e-08 6.4758805459822475e-06 2.7088728619450611e-06 
   39 2.5271194581921274e-08 2.4021331908234132e-08 6.2006884766961534e-06 2.4774734701503510e-06 
   40 1.7087014216281438e-07 1.6199731517443563e-07 4.9619807259065442e-06 1.8914409407589585e-06 
   41 3.2083403736230572e-08 3.0336407860563857e-08 5.2855483118742583e-06 1.9199312819355304e-06 
   42 3.2490639515386784e-07 3.0637675916719606e-07 6.5758266899787105e-06 2.2734910173151355e-06 
   43 3.3438810834462063e-08 3.1443724388450664e-08 4.7386187483921776e-06 1.5575113721601647e-06 
   44 4.1465638886050840e-07 3.8880234352518194e-07 6.6722847777451270e-06 2.0824756945978542e-06 
   45 3.3872057872056917e-08 3.1667312654874691e-08 4.2784336213498884e-06 1.2665006534314500e-06 
   46 4.7788360389763230e-07 4.4544350411137409e-07 9.8831008951938213e-06 2.7715227793312138e-06 
   47 3.2368297282588807e-08 3.0078971670539751e-08 4.9199649238555510e-06 1.3055129760819666e-06 
   48 5.2168695191407668e-07 4.8327852127947461e-07 1.3518623663758510e-05 3.3902755288925327e-06 
   49 3.8310218005540152e-08 3.5376779086107098e-08 4.3187162083174741e-06 1.0224213030686177e-06 
   50 5.4656465154083919e-07 5.0307543577259573e-07 2.7166236699696844e-05 6.0641061489138604e-06 
   51 2.7526564765800859e-08 2.5252434342779020e-08 3.6427038159648322e-06 7.6579523513779163e-07 
   52 4.9234382418745610e-07 4.5014367315696671e-07 5.1869868393500759e-05 1.0257578102163654e-05 
   53 2.9857381954886717e-08 2.7204300234464768e-08 2.7923024106733357e-06 5.1882684188130249e-07 
   54 3.9590800077105632e-07 3.5946370906450428e-07 1.2901640391808710e-04 2.2497001531979281e-05 
   55 3.2573077958330507e-08 2.9469058930849064e-08 3.8283730934045236e-06 6.2575324605529137e-07 
   56 3.2182269948689540e-07 2.9009657129597315e-07 4.6645077652525722e-04 7.1382748723839589e-05 
   57 2.9886477050661772e-08 2.6840515879828696e-08 3.3382549607213980e-06 4.7774372453502592e-07 
   58 2.3500619965644975e-07 2.1026036983189969e-07 4.4329043167081385e-03 5.9257230037517350e-04 
   59 3.6820968137643965e-08 3.2817616530372095e-08 2.3450243388385266e-06 2.9246056583305367e-07 
   60 1.7037763784171207e-07 1.5126202562336265e-07 1.9104170312260388e-02 2.2202638881310241e-03 
   61 4.2808115156234951e-08 3.7854775067391260e-08 3.1865795132033817e-06 3.4470463111754851e-07 
   62 8.3245652628303958e-08 7.3317074741444915e-08 4.4585459824624070e-03 4.4838497896683590e-04 
   63 3.5065760668831384e-08 3.0757256295603849e-08 2.7781196727526709e-06 2.5943807595414932e-07 
   64 5.7098838080593936e-08 4.9875138762632320e-08 2.4519587477841547e-03 2.1237843121311940e-04 
   65 3.5190561450939651e-08 3.0608871577246880e-08 3.8381788397476708e-06 3.0798280908419683e-07 
   66 3.6479990831400832e-08 3.1594528543285974e-08 1.6719398090433010e-03 1.2414106717006254e-04 
   67 4.2616040301165928e-08 3.6748367138226778e-08 2.5043385737025503e-06 1.7185849510272720e-07 
   68 4.0429809017791200e-08 3.4709327045619836e-08 2.0833818004578285e-03 1.3198346441762083e-04 
   69 4.7682939230165144e-08 4.0752929334094280e-08 2.9023325961341702e-06 1.6953529103015844e-07 
   70 5.9527707986600311e-08 5.0645171076580725e-08 1.3835326013711270e-03 7.4431060605198343e-05 
   71 4.2885174591368161e-08 3.6317913504122137e-08 2.5494068330232386e-06 1.2616690118780187e-07 
   72 9.2579432293306972e-08 7.8035964959784944e-08 1.6135419858822938e-03 7.3369855170104389e-05 
   73 4.9342634600030546e-08 4.1394340584532668e-08 2.7737780326650991e-06 1.1575235300588950e-07 
   74 1.2686497001599091e-07 1.0591816689058315e-07 1.0279280263895420e-03 3.9321602505579945e-05 
   75 5.5912087038307862e-08 4.6453270662186323e-08 2.9567559641998271e-06 1.0355808692906380e-07 
   76 1.6276809213932679e-07 1.3456542377715769e-07 1.3263366418573520e-03 4.2482690409040638e-05 
   77 5.0326631453403908e-08 4.1398770953545830e-08 3.3160259702038453e-06 9.7018724412631500e-08 
   78 1.5948786412683719e-07 1.3053120908205450e-07 1.1488503205033828e-03 3.0666921222325095e-05 
   79 5.9484142165651895e-08 4.8434722204620761e-08 3.9203597959178954e-06 9.5365536753074328e-08 
   80 1.7677704930467332e-07 1.4319311622965972e-07 1.4781407179601772e-03 3.2728781767539690e-05 
   81 7.5146006961092020e-08 6.0550059770266244e-08 3.2160314744762517e-06 6.4739988712630516e-08 
   82 1.5379688544127827e-07 1.2326516869864269e-07 2.0303071051100451e-03 3.7114369492351779e-05 
   83 7.3471706221924621e-08 5.8569144912476664e-08 4.5547078718917021e-06 7.5519424686836259e-08 
   84 1.6646429876147195e-07 1.3197678544686147e-07 1.7431463817473894e-03 2.6184216317037578e-05 
   85 5.9899841316057856e-08 4.7228217313611537e-08 3.8243357199336197e-06 5.1982732635824253e-08 
   86 1.7715883297809735e-07 1.3890244506268058e-07 1.6590284616052624e-03 2.0381874375164331e-05 
   87 6.6296826039851079e-08 5.1687172353180678e-08 5.1485658030612149e-06 5.7102295602087181e-08 
   88 1.2840847122013077e-07 9.9540181321188142e-08 1.4950423453966610e-03 1.4951599456065254e-05 
   89 7.6922764150782185e-08 5.9285175152726516e-08 5.4626379546786261e-06 4.9203194224882201e-08 
   90 1.1706576498239476e-07 8.9697298774730435e-08 9.9317664973957520e-04 8.0475553925079756e-06 
   91 8.1034446963019881e-08 6.1723297459718974e-08 5.1860453088089313e-06 3.7758111644152614e-08 
   92 9.8632277297083444e-08 7.4679302929996847e-08 1.0912002095296105e-03 7.1302505758103218e-06 
   93 7.8550979731234361e-08 5.9116172453068765e-08 4.1814825099951338e-06 2.4493280237085782e-08 
   94 9.9572718547318171e-08 7.4480113560826499e-08 5.7241937814409092e-04 3.0021836056367091e-06 
   95 9.5671718277041495e-08 7.1121443468364762e-08 4.4779116278149896e-06 2.1003644093547324e-08 
   96 8.1378202413981365e-08 6.0119292588938790e-08 8.9951334912385960e-04 3.7688853661931689e-06 
   97 1.0653540860141040e-07 7.8209639557074059e-08 4.5447783203263637e-06 1.6990031844496866e-08 
   98 1.0160547882285521e-07 7.4116641687021723e-08 5.2659824064157142e-04 1.7543937505321081e-06 
   99 8.4144810498561358e-08 6.0985978760917742e-08 4.2857097880446800e-06 1.2709446292558511e-08 
  100 1.2888539552439387e-07 9.2807309799939955e-08 5.3555132000911501e-04 1.4120536903792240e-06 
  101 1.1652808518366664e-07 8.3359798760344507e-08 4.5850655707512596e-06 1.0735739642186516e-08 
  102 1.2279777672273880e-07 8.7264153795049773e-08 9.7363467986059829e-04 2.0221288938949231e-06 
  103 1.0447525940950237e-07 7.3747945236832310e-08 4.7875037951583721e-06 8.8092392764695189e-09 
  104 1.3796684339580758e-07 9.6732862870480671e-08 7.3221332191859075e-04 1.1922669055199608e-06 
  105 1.2016611321723677e-07 8.3678894188401122e-08 4.4077614136182011e-06 6.3438172049080878e-09 
  106 1.6202545783362909e-07 1.1205301303262257e-07 4.9522896657254423e-04 6.2925328177030943e-07 
  107 1.2134113372982458e-07 8.3334810386304910e-08 4.1258657606889885e-06 4.6228689280703317e-09 
  108 1.4296906500453050e-07 9.7501289624842901e-08 6.1993134239008796e-04 6.1179694454803290e-07 
  109 1.3075276867781933e-07 8.8540264489440018e-08 3.4642666296973952e-06 3.0076856896353445e-09 
  110 1.7931042093025290e-07 1.2055600494623705e-07 5.6444897125413056e-04 4.3061928872266176e-07 
  111 1.1330145814975994e-07 7.5628236105618235e-08 3.4799304839565345e-06 2.3301144903367703e-09 
  112 1.8905466377111666e-07 1.2527741416398029e-07 6.6503669446169185e-04 3.9037362157778746e-07 
  113 1.6044488230334330e-07 1.0554068908516598e-07 3.8177888519009640e-06 1.9622991088432596e-09 
  114 1.8164967817219638e-07 1.1860667159244928e-07 8.4062115192837803e-04 3.7788735924290899e-07 
  115 1.6274454790499395e-07 1.0547101413222627e-07 2.9607666796917469e-06 1.1626936716245305e-09 
  116 1.7898811229064839e-07 1.1512636898504065e-07 8.1646530627855953e-04 2.7976171144938102e-07 
  117 2.0071896263629709e-07 1.2812525061289800e-07 3.4832146500064319e-06 1.0401849363224701e-09 
  118 2.2214437818001801e-07 1.4071782497344420e-07 3.0247031299979609e-03 7.8629088844836151e-07 
  119 1.6430773231522125e-07 1.0327875869398540e-07 3.6069019406863732e-06 8.1525860910517809e-10 
  120 2.1734394505097093e-07 1.3555374881048428e-07 1.0136705214778054e-02 1.9897974597689028e-06 
  121 2.0771870232780367e-07 1.2853527329966339e-07 3.2610837276222964e-06 5.5528436935661313e-10 
  122 1.9581211624967461e-07 1.2021005102631124e-07 3.6745161601925949e-03 5.4210769730679876e-07 
  123 2.0389089275933376e-07 1.2417246485534962e-07 2.9980308644582441e-06 3.8277530771330075e-10 
  124 2.1958878886571528e-07 1.3265867354278351e-07 2.4610915661695100e-03 2.7161171703355406e-07 
  125 2.1704436750738301e-07 1.3006000845262785e-07 3.8339680243550026e-06 3.6531933860965796e-10 
  126 2.3248633409197473e-07 1.3817650912276453e-07 1.9899141283464270e-03 1.6351308567468462e-07 
  127 2.7295760050373844e-07 1.6089600700934218e-07 3.2644573498078611e-06 2.3105414152508011e-10 
  128 2.4870006058046221e-07 1.4538212462401703e-07 1.7607959481610994e-03 1.0722275651485308e-07 
  129 2.8940300025660335e-07 1.6776252481711771e-07 3.3574353852801241e-06 1.7569176365150757e-10 
  130 2.5248903294958179e-07 1.4513194177475703e-07 2.3827608298787281e-03 1.0702386657175400e-07 
  131 3.1691322129393598e-07 1.8061805683303544e-07 3.1225311673950903e-06 1.2024141552615737e-10 
  132 2.9264573058869265e-07 1.6536175752690930e-07 2.3229745149039448e-03 7.6600137143439635e-08 
  133 2.5746865436432483e-07 1.4423182130586058e-07 3.1664275515274698e-06 8.9306521694191400e-11 
  134 2.9102713610038952e-07 1.6161654038746033e-07 3.0837632960798284e-03 7.4304293299013965e-08 
  135 3.2141739750777921e-07 1.7693308701272615e-07 3.6644471036910225e-06 7.5344463398553733e-11 
  136 3.3877971580284053e-07 1.8484860886116744e-07 2.3393829009320938e-03 4.0996331523247326e-08 
  137 3.5384237309778718e-07 1.9135486012695598e-07 3.4626852095261446e-06 5.1659274537032576e-11 
  138 3.2382680336274674e-07 1.7355817715653760e-07 1.9999991965048689e-03 2.5371582120720548e-08 
  139 3.0973847812320253e-07 1.6451361109338645e-07 3.1856653990478567e-06 3.4323469469001633e-11 
  140 3.6616235135864232e-07 1.9271987687595443e-07 9.7072125844976367e-04 8.8725761689497921e-09 
  141 2.9838617335426211e-07 1.5561427029453427e-07 4.2411695208553226e-06 3.2847014776456259e-11 
  142 4.3045778838960850e-07 2.2242876913911878e-07 1.3389445774354683e-03 8.7764499950453898e-09 
  143 4.2049607509214156e-07 2.1527012165796356e-07 3.8861627666947262e-06 2.1533480460405544e-11 
  144 4.3404391259248434e-07 2.2013477755707860e-07 1.4073253422154462e-03 6.5843922292374983e-09 
  145 3.8786025570018926e-07 1.9486561251351130e-07 4.1016974990464254e-06 1.6184666668200022e-11 
  146 4.3438840459687521e-07 2.1617966912153934e-07 9.9832783766845004e-04 3.3183583851164086e-09 
  147 4.4992763084699227e-07 2.2178273946291102e-07 4.0135170910930085e-06 1.1224739089621662e-11 
  148 4.4445167802769420e-07 2.1698506487507458e-07 8.9806229917866246e-04 2.1108127820116491e-09 
  149 4.7698295442242512e-07 2.3062167550830857e-07 4.6058475886724801e-06 9.0873244111982785e-12 
  150 4.3026949428871887e-07 2.0601628429790944e-07 1.0091933340860826e-03 1.6694568366874600e-09 
  151 5.0617928376542327e-07 2.3999425706021621e-07 4.2457508710035282e-06 5.8819433937892119e-12 
  152 5.5374067943585145e-07 2.5996217306979906e-07 1.0486499955409097e-03 1.2152163093226358e-09 
  153 5.4176605428979913e-07 2.5182249618859405e-07 4.4862288094462137e-06 4.3436253553321115e-12 
  154 5.4698660618998983e-07 2.5171563425785512e-07 7.9546660394259243e-04 6.4273513169375530e-10 
  155 6.1763122044816702e-07 2.8137484052379519e-07 4.5603292664341834e-06 3.0714022826828322e-12 
  156 5.0870033117796832e-07 2.2940998793932840e-07 1.3658734313450778e-03 7.6590105137697586e-10 
  157 6.0240754603108674e-07 2.6890987096167028e-07 3.6958673599599623e-06 1.7234219198255445e-12 
  158 6.0452646683083891e-07 2.6709727550108322e-07 7.8009620951380852e-04 3.0215360316470875e-10 
  159 5.9035014923022758e-07 2.5815073865509687e-07 4.3008650863228538e-06 1.3820736263587541e-12 
  160 7.1882373138207688e-07 3.1107665176449846e-07 8.7137893613285506e-04 2.3204358659940585e-10 
  161 6.9171790381496398e-07 2.9622867707514280e-07 3.9904521651814778e-06 8.7955541241515675e-13 
  162 7.6173179849146418e-07 3.2279366248031087e-07 6.2178530559539829e-04 1.1330565660144052e-10 
  163 7.6528201620167229e-07 3.2087879024359366e-07 4.4361631230504511e-06 6.6754442848820563e-13 
  164 7.9292283468597460e-07 3.2894158241633988e-07 1.2496525130070901e-03 1.5510113597351590e-10 
  165 8.8523989696314676e-07 3.6331969287014747e-07 4.8105294778526666e-06 4.9188455157071695e-13 
  166 7.9133416077502454e-07 3.2129187198570891e-07 1.0580310637318257e-03 8.9023544435870478e-11 
  167 8.1603951548731476e-07 3.2774391581427581e-07 3.6090392315769194e-06 2.4958922505111304e-13 
  168 8.3427218557590469e-07 3.3142601577899624e-07 1.2700300959853851e-03 7.2105374035664889e-11 
  169 9.4904069893123022e-07 3.7289864881962823e-07 4.7292444435046173e-06 2.2016913850728603e-13 
  170 8.8681714037033365e-07 3.4461878789287592e-07 1.1776218171013122e-03 4.4902783562770790e-11 
  171 1.0316247247747030e-06 3.9645807903992925e-07 3.8713934020991345e-06 1.2076169417847264e-13 
  172 1.0333211890641649e-06 3.9269311027361500e-07 1.3785626576507464e-03 3.5137803370637989e-11 
  173 1.1379255936664448e-06 4.2760816303451644e-07 3.1629306431904216e-06 6.5798465954511825e-14 
  174 1.1678471618230652e-06 4.3391440212907478e-07 1.1439663517200137e-03 1.9400331066630848e-11 
  175 1.0317079724254688e-06 3.7899417425581997e-07 4.1064825135781245e-06 5.6705805441665686e-14 
  176 1.1416079388368952e-06 4.1459320382794695e-07 1.2390254032814566e-03 1.3915257631421087e-11 
  177 1.2155946510542999e-06 4.3641049702215873e-07 3.3307009794552374e-06 3.0387300303145580e-14 
  178 1.3603422398982794e-06 4.8275586548030765e-07 2.7884804561389485e-03 2.0642457384647760e-11 
  179 1.2984496782916177e-06 4.5545893383444066e-07 3.7560579623663863e-06 2.2534888512023546e-14 
  180 1.6423175749558434e-06 5.6937412579672306e-07 7.0382836510915195e-03 3.4183077156988713e-11 
  181 1.6037983198048015e-06 5.4951377651734071e-07 3.4779051507243466e-06 1.3657634766269568e-14 
  182 1.4903551991587386e-06 5.0463645383033962e-07 3.2646255250809945e-03 1.0353720939883469e-11 
  183 1.5840828027637254e-06 5.3002758492342676e-07 3.6976323197165187e-06 9.4598521281795154e-15 
  184 1.9231928881756375e-06 6.3583869963875263e-07 2.2245895345424050e-03 4.5856405875248839e-12 
  185 1.8282319109147745e-06 5.9721495701481209e-07 2.8081887182949187e-06 4.6586304758572903e-15 
  186 2.1148058129416956e-06 6.8252242139913542e-07 2.2659087000037942e-03 3.0216778883903053e-12 
  187 1.7700408003388718e-06 5.6434996145761803e-07 3.4191791665657700e-06 3.6609511087529697e-15 
  188 1.9810592589422426e-06 6.2395496226322181e-07 2.4584351507587806e-03 2.1110037407707310e-12 
  189 2.0742157661865215e-06 6.4531538564209205e-07 2.8911294101065084e-06 1.9886058517895812e-15 
  190 2.5739660356148163e-06 7.9096082042045921e-07 2.8780343401065105e-03 1.5838709928292637e-12 
  191 2.5822852691462695e-06 7.8372230497338424e-07 3.2648654180237571e-06 1.4359022079324547e-15 
  192 2.4689364099351358e-06 7.4002344999508154e-07 2.0575862467569418e-03 7.2234524722240993e-13 
  193 2.8530748357090455e-06 8.4449695462720141e-07 3.1344504563822296e-06 8.7734207377236499e-16 
  194 3.0183845154265213e-06 8.8222750650704222e-07 1.6413894613008632e-03 3.6587348947538963e-13 
  195 2.8786368220821527e-06 8.3077949835058727e-07 3.3533074256151770e-06 5.9456419414288998e-16 
  196 3.0999960449006417e-06 8.8333340996970729e-07 1.9038946046872945e-03 2.6820357316739595e-13 
  197 3.1615258359677668e-06 8.8939899404914852e-07 3.5738123839724770e-06 3.9952609237413874e-16 
  198 3.2212696707660848e-06 8.9461283046806875e-07 1.2798496084354090e-03 1.1341042692938713e-13 
  199 3.1147642104862827e-06 8.5391199400309186e-07 3.7174059682549017e-06 2.6080261456028513e-16 
  200 3.9714434022100865e-06 1.0747017920983528e-06 1.4513714059065036e-03 8.0522121071835615e-14 
  201 4.3857004188634517e-06 1.1713912453761693e-06 3.9317800984012579e-06 1.7230213373832355e-16 
  202 4.0900776077528130e-06 1.0781761860877703e-06 1.0283303255942098e-03 3.5553487550077967e-14 
  203 4.3627461516924782e-06 1.1349717825988130e-06 4.3795196399157696e-06 1.1926106965197576e-16 
  204 5.1153958554714120e-06 1.3132368474188298e-06 9.3087371946945420e-04 1.9942454082721250e-14 
  205 5.3481836582383607e-06 1.3548168092753444e-06 3.6296166019175251e-06 6.1102246975894163e-17 
  206 6.2568556382816177e-06 1.5639130667676523e-06 1.3207836016833894e-03 1.7451377672672450e-14 
  207 6.0645432165195329e-06 1.4955761719676763e-06 4.2167307647526023e-06 4.3678589074184617e-17 
  208 6.1063182792499393e-06 1.4856469185256061e-06 1.3135992969957307e-03 1.0654753589712274e-14 
  209 7.0164385673480409e-06 1.6840321651768833e-06 4.2962295961473861e-06 2.7255169716211041e-17 
  210 7.3968605134202728e-06 1.7512587935629038e-06 1.3113923890930061e-03 6.4993232724285417e-15 
  211 8.6170902182993930e-06 2.0123547507742423e-06 4.1894981201091049e-06 1.6201855536984948e-17 
  212 7.8812433277815092e-06 1.8153125157758673e-06 1.2993590265051912e-03 3.9164486663097420e-15 
  213 8.7580626891668355e-06 1.9895242459749552e-06 3.7319965515616446e-06 8.7570594108158434e-18 
  214 9.8393081906808225e-06 2.2042559937513823e-06 2.0174123387906328e-03 3.6809408597469453e-15 
  215 9.9971128512025862e-06 2.2085137100658891e-06 4.1937442233304421e-06 5.9430113746349364e-18 
  216 1.2260197674491150e-05 2.6706856618871239e-06 1.5759922674772843e-03 1.7325770082139696e-15 
  217 1.3064498545740800e-05 2.8060125127552688e-06 4.3438174383168536e-06 3.7003030706630125e-18 
  218 1.2922024974229637e-05 2.7363443499520432e-06 1.5264862186901925e-03 1.0064202084738845e-15 
  219 1.5038194524283499e-05 3.1394310217647417e-06 4.3888657195237801e-06 2.2369330355628003e-18 
  220 1.5678389522012316e-05 3.2265881144696247e-06 1.4229219950907248e-03 5.6000196254453334e-16 
  221 1.6111787013064167e-05 3.2684690970298077e-06 4.6218926873159628e-06 1.4029095001501267e-18 
  222 1.8195004190331836e-05 3.6381716139979708e-06 1.1395987379100845e-03 2.6647514909722539e-16 
  223 2.0777198906700766e-05 4.0946815114656414e-06 4.5382495669652750e-06 8.1654803290068427e-19 
  224 2.0216865546750190e-05 3.9266375983640302e-06 1.2582706869444711e-03 1.7400019678752184e-16 
  225 2.5754949379678684e-05 4.9296186635409269e-06 4.3141672218260923e-06 4.5798226667023945e-19 
  226 2.2986321829827883e-05 4.3355030195477003e-06 9.6017834325175721e-04 7.8157991190996928e-17 
  227 2.6278644144252896e-05 4.8838476561046905e-06 3.5346755497758012e-06 2.2036095200548005e-19 
  228 2.8703786490783297e-05 5.2560471036116751e-06 1.0181224003058213e-03 4.8555957712570257e-17 
  229 2.9878328886466815e-05 5.3902514273320538e-06 4.4856753288463015e-06 1.6346384151305800e-19 
  230 2.9838408615665424e-05 5.3031364021724481e-06 8.1668634995708182e-04 2.2714041702114618e-17 
  231 3.5668422513018439e-05 6.2447811509692356e-06 3.4330655273386050e-06 7.2788108931765243e-20 
  232 3.8230114111655737e-05 6.5930573529381482e-06 9.0582236012584421e-04 1.4623610322550203e-17 
  233 4.0604618221194587e-05 6.8972566796372645e-06 4.0303683278241296e-06 4.9486139541074068e-20 
  234 4.8773490032547176e-05 8.1597386070532173e-06 9.0261507931747745e-04 8.4190439363304537e-18 
  235 4.9318062461720201e-05 8.1257159244410252e-06 3.6049513421278928e-06 2.5513795830393735e-20 
  236 5.4073475153716437e-05 8.7735404907166094e-06 1.5910034004037957e-03 8.5340742761053955e-18 
  237 6.4017047161932136e-05 1.0228053115994795e-05 3.9419349564324549e-06 1.6006582286272395e-20 
  238 6.9855074833114641e-05 1.0989395183641169e-05 2.0470346979818165e-03 6.2851038022206096e-18 
  239 7.6707671920433365e-05 1.1881325176389454e-05 3.4312065089240475e-06 7.9565809804684661e-21 
  240 7.2139091432069864e-05 1.1000660412885600e-05 5.8862463343381608e-03 1.0296859116906425e-17 
  241 9.2583609181572433e-05 1.3898757130152108e-05 3.4483031647237885e-06 4.5451985028715210e-21 
  242 8.6570503459856331e-05 1.2793145239018391e-05 3.3740903488936108e-03 3.3471841687283846e-18 
  243 9.4779600561969806e-05 1.3786675329736516e-05 3.1451689375621693e-06 2.3455074558010629e-21 
  244 1.0264247094021734e-04 1.4695379924752243e-05 1.9781539318982828e-03 1.1076877582235603e-18 
  245 1.0778393254740978e-04 1.5187579002801529e-05 3.2058588883499161e-06 1.3463582708468776e-21 
  246 1.0644096944308515e-04 1.4760324669244574e-05 2.2255875853834529e-03 7.0018769780454804e-19 
  247 1.1985225632936629e-04 1.6355266547445677e-05 3.4927005880681087e-06 8.2220347577389343e-22 
  248 1.5541351115616725e-04 2.0868741818624297e-05 3.0683994744596758e-03 5.3984946826210858e-19 
  249 1.4960584118280592e-04 1.9766231850061411e-05 2.9767085613400137e-06 3.9096207094493647e-22 
  250 1.4933638955643601e-04 1.9412460368572612e-05 1.8509567932027430e-03 1.8127039037207933e-19 
  251 1.4454802428100346e-04 1.8485808669643771e-05 3.7712063074260988e-06 2.7506665699874145e-22 
  252 1.5171713158777144e-04 1.9087279583388943e-05 2.2553343179257811e-03 1.2237437534860643e-19 
  253 1.6029321056759745e-04 1.9837156354933185e-05 3.2953178611450636e-06 1.3285981702442456e-22 
  254 1.6184917659875527e-04 1.9701596452654628e-05 1.6936785548998428e-03 5.0680282112375662e-20 
  255 1.6798341456215673e-04 2.0112021512291209e-05 3.1150588446481482e-06 6.9100461918182968e-23 
  256 1.9326331132780842e-04 2.2756679373784931e-05 1.7109484543761059e-03 2.8103039129640154e-20 
