#  1 deg  2.33 deg  6 deg
   0  1.0000000000000000e+00  1.0000000000000000e+00  1.0000000000000000e+00
   1  9.9969538258021329e-01  9.9834626248971980e-01  9.8903377288767835e-01
   2  9.9908642611595722e-01  9.9504699201241853e-01  9.6746209307427256e-01
   3  9.9817368693387643e-01  9.9011852981380843e-01  9.3598672771160629e-01
   4  9.9695799846486777e-01  9.8358521894578343e-01  8.9561239186284380e-01
   5  9.9544046997572366e-01  9.7547920387365938e-01  8.4759332766760942e-01
   6  9.9362248488219973e-01  9.6584016689639940e-01  7.9336848163183893e-01
   7  9.9150569864709426e-01  9.5471500440554691e-01  7.3448996127428789e-01
   8  9.8909203626781428e-01  9.4215744668020973e-01  6.7254972572602789e-01
   9  9.8638368935876308e-01  9.2822762553274618e-01  6.0910929965138816e-01
  10  9.8338311283474322e-01  9.1299159467419744e-01  5.4563673831814774e-01
  11  9.8009302120239872e-01  8.9652080815240043e-01  4.8345419539370205e-01
  12  9.7651638446754163e-01  8.7889156262286838e-01  4.2369836270103184e-01
  13  9.7265642366700000e-01  8.6018440953794806e-01  3.6729488358124485e-01
  14  9.6851660603439860e-01  8.4048354357997102e-01  3.1494670671630010e-01
  15  9.6410063981002747e-01  8.1987617381700018e-01  2.6713534727151367e-01
  16  9.5941246870567554e-01  7.9845188412476287e-01  2.2413323319114295e-01
  17  9.5445626603599298e-01  7.7630198939628015e-01  1.8602478129794495e-01
  18  9.4923642852860557e-01  7.5351889395382465e-01  1.5273358318298083e-01
  19  9.4375756982583336e-01  7.3019545838974131e-01  1.2405306834600592e-01
  20  9.3802451369144935e-01  7.0642438079818948e-01  9.9678212445937733e-02
  21  9.3204228693648117e-01  6.8229759802494572e-01  7.9236217796878103e-02
  22  9.2581611207856551e-01  6.5790571216399230e-01  6.2314550971014453e-02
  23  9.1935139974985614e-01  6.3333744707545570e-01  4.8485219471106532e-02
  24  9.1265374086891782e-01  6.0867913919798866e-01  3.7324654340401810e-02
  25  9.0572889859244943e-01  5.8401426638883769e-01  2.8428998288205120e-02
  26  8.9858280006302782e-01  5.5942301795582705e-01  2.1424952898384714e-02
  27  8.9122152796939391e-01  5.3498190845673343e-01  1.5976600622417798e-02
  28  8.8365131193606561e-01  5.1076343724234075e-01  1.1788786198428722e-02
  29  8.7587851975930697e-01  4.8683579511904101e-01  8.6077257330752690e-03
  30  8.6790964850666041e-01  4.6326261891395348e-01  6.2195239551695461e-03
  31  8.5975131549740558e-01  4.4010279414851744e-01  4.4472382874775522e-03
  32  8.5141024918140240e-01  4.1741030547301800e-01  3.1470501749348376e-03
  33  8.4289327993384178e-01  3.9523413399153517e-01  2.2040059355841251e-03
  34  8.3420733078343923e-01  3.7361820012045249e-01  1.5276849886179864e-03
  35  8.2535940809158359e-01  3.5260135017922162e-01  1.0480530382365545e-03
  36  8.1635659219988166e-01  3.3221738451381150e-01  7.1166866596068129e-04
  37  8.0720602806343233e-01  3.1249512460457501e-01  4.7833766220227214e-04
  38  7.9791491588700969e-01  2.9345851631344444e-01  3.1825170795415296e-04
  39  7.8849050178114644e-01  2.7512676618189691e-01  2.0960608306244376e-04
  40  7.7894006845487662e-01  2.5751450750139709e-01  1.3666326298618903e-04
  41  7.6927092596162872e-01  2.4063199274169200e-01  8.8212972297228626e-05
  42  7.5949040251445743e-01  2.2448530883805590e-01  5.6372093443649237e-05
  43  7.4960583538645731e-01  2.0907661180444673e-01  3.5666892039722857e-05
  44  7.3962456191183146e-01  1.9440437715275080e-01  2.2343675694301220e-05
  45  7.2955391060267660e-01  1.8046366265569458e-01  1.3859593865011756e-05
  46  7.1940119239611022e-01  1.6724638008871209e-01  8.5128173795498520e-06
  47  7.0917369204589242e-01  1.5474157272004743e-01  5.1641984305017019e-06
  48  6.9887865967220508e-01  1.4293569548405921e-01  3.1025454664226981e-06
  49  6.8852330248271842e-01  1.3181289496559159e-01  1.8460273571320525e-06
  50  6.7811477667753950e-01  1.2135528653848193e-01  1.0878827747782774e-06
  51  6.6766017955005241e-01  1.1154322623422486e-01  6.3499370544665592e-07
  52  6.5716654179508616e-01  1.0235557516263907e-01  3.6712973777774124e-07
  53  6.4664082003521617e-01  9.3769954560786475e-02  2.1025779350945844e-07
  54  6.3608988957540202e-01  8.5762989804835099e-02  1.1928523649826605e-07
  55  6.2552053739549518e-01  7.8310541978278039e-02  6.7041401631572326e-08
  56  6.1493945538952577e-01  7.1387925844932879e-02  3.7328546886347833e-08
  57  6.0435323385997963e-01  6.4970113323431194e-02  2.0592096665665628e-08
  58  5.9376835527463501e-01  5.9031921798170850e-02  1.1254895551233319e-08
  59  5.8319118829281302e-01  5.3548186827789328e-02  6.0951411062112451e-09
  60  5.7262798206724297e-01  4.8493919023583458e-02  3.2707509108931903e-09
  61  5.6208486082701881e-01  4.3844445065705479e-02  1.7392124573839760e-09
  62  5.5156781874646832e-01  3.9575533002607258e-02  9.1647228425751119e-10
  63  5.4108271510402728e-01  3.5663502138738208e-02  4.7859444607644110e-10
  64  5.3063526973456399e-01  3.2085317955789609e-02  2.4769525812292191e-10
  65  5.2023105877787390e-01  2.8818672634313241e-02  1.2705435378971759e-10
  66  5.0987551072542914e-01  2.5842051844717870e-02  6.4595658580516468e-11
  67  4.9957390276675573e-01  2.3134788560711040e-02  3.2552108003432802e-11
  68  4.8933135743619516e-01  2.0677104713959667e-02  1.6260615752522050e-11
  69  4.7915283956011273e-01  1.8450141557994498e-02  8.0518743917201016e-12
  70  4.6904315350402676e-01  1.6435979642103544e-02  3.9525662260308947e-12
  71  4.5900694071846121e-01  1.4617649314613696e-02  1.9235499697879093e-12
  72  4.4904867758177042e-01  1.2979132679434971e-02  9.2808958716436612e-13
  73  4.3917267353754030e-01  1.1505357922995604e-02  4.4397483163064549e-13
  74  4.2938306952365651e-01  1.0182186910365976e-02  2.1058561125758003e-13
  75  4.1968383668951975e-01  8.9963969228727281e-03  9.9042306063145439e-14
  76  4.1007877539741577e-01  7.9356573740088400e-03  4.6190670024103679e-14
  77  4.0057151450347911e-01  6.9885022998489917e-03  2.1362346227098837e-14
  78  3.9116551091325968e-01  6.1442993729483317e-03  9.7977069141315479e-15
  79  3.8186404940637947e-01  5.3932161393017083e-03  4.4565657218667239e-15
  80  3.7267024272438309e-01  4.7261841238811731e-03  2.0104629027805748e-15
  81  3.6358703191541142e-01  4.1348613967511702e-03  8.9956202710884135e-16
  82  3.5461718692899630e-01  3.6115941350476962e-03  3.9923151364951377e-16
  83  3.4576330745384670e-01  3.1493776624002545e-03  1.7575044543518031e-16
  84  3.3702782399122028e-01  2.7418173913313399e-03  7.6747662349388954e-17
  85  3.2841299915609640e-01  2.3830900433815501e-03  3.3246817498850855e-17
  86  3.1992092919814435e-01  2.0679054687666731e-03  1.4287959625114425e-17
  87  3.1155354573415422e-01  1.7914693418171490e-03  6.0917837788919128e-18
  88  3.0331261768343015e-01  1.5494469601777161e-03  2.5768652152384734e-18
  89  2.9519975339737048e-01  1.3379283370094997e-03  1.0815101856331698e-18
  90  2.8721640297434742e-01  1.1533947325984332e-03  4.5038077761488419e-19
  91  2.7936386075077230e-01  9.9268674085369740e-04  1.8610495438390371e-19
  92  2.7164326795917709e-01  8.5297400882517469e-04  7.6310326671370376e-20
  93  2.6405561554396378e-01  7.3172664482138989e-04  3.1050908464449530e-20
  94  2.5660174712547196e-01  6.2668833826023550e-04  1.2538603134320579e-20
  95  2.4928236210288260e-01  5.3585120050877999e-04  5.0248831939160779e-21
  96  2.4209801888652779e-01  4.5743230729013075e-04  1.9985856668469406e-21
  97  2.3504913825008583e-01  3.8985191826770843e-04  7.8896448910147653e-22
  98  2.2813600679324586e-01  3.3171332285481116e-04  3.0913475340274838e-22
  99  2.2135878050537491e-01  2.8178426562877395e-04  1.2022965001195024e-22
 100  2.1471748842087460e-01  2.3897987808928331e-04  4.6415847654274834e-23
 101  2.0821203635689919e-01  2.0234705792049470e-04  1.7788093607898102e-23
 102  2.0184221072430888e-01  1.7105020737436259e-04  6.7673446639637095e-24
 103  1.9560768240274795e-01  1.4435826838488051e-04  2.5559372903776493e-24
 104  1.8950801067098438e-01  1.2163295592150184e-04  9.5838989705540367e-25
 105  1.8354264718369093e-01  1.0231813121091204e-04  3.5678895793856190e-25
 106  1.7771093998613566e-01  8.5930208961235684e-05  1.3187869036287609e-25
 107  1.7201213755831765e-01  7.2049551118101961e-05  4.8400368709134056e-26
 108  1.6644539288040827e-01  6.0312734225423788e-05  1.7638035187267886e-26
 109  1.6100976751144622e-01  5.0405660604960568e-05  6.3825728466228318e-27
 110  1.5570423567359326e-01  4.2057390989065405e-05  2.2935163048074433e-27
 111  1.5052768833436012e-01  3.5034694006008359e-05  8.1843591464128126e-28
 112  1.4547893727960112e-01  2.9137175145586225e-05  2.9004175506023914e-28
 113  1.4055671917018961e-01  2.4193015122590785e-05  1.0208112697315923e-28
 114  1.3575969957570216e-01  2.0055155618520955e-05  3.5682514028793775e-29
 115  1.3108647697855849e-01  1.6598009567915666e-05  1.2388146933650057e-29
 116  1.2653558674250423e-01  1.3714494133259119e-05  4.2718294351137748e-30
 117  1.2210550503944365e-01  1.1313529169749721e-05  1.4631664631822347e-30
 118  1.1779465272909019e-01  9.3177363562683687e-06  4.9780741371364874e-31
 119  1.1360139918601903e-01  7.6615748105367999e-06  1.6824112512297737e-31
 120  1.0952406606918519e-01  6.2895505134399932e-06  5.6483477852778411e-32
 121  1.0556093102907788e-01  5.1515029855455357e-06  1.8838413363569222e-32
 122  1.0171023134817761e-01  4.2125423417610067e-06  6.2418868686552839e-33
 123  9.7970167510476061e-02  3.4391475266387514e-06  2.0547125788256617e-33
 124  9.4338906696328745e-02  2.8031979319003235e-06  6.7199293411156008e-34
 125  9.0814586198985719e-02  2.2811475829590934e-06  2.1835919534901708e-34
 126  8.7395316759668648e-02  1.8533177959321254e-06  7.0499496466144649e-35
 127  8.4079185818114313e-02  1.5032926495930967e-06  2.2616363907909902e-35
 128  8.0864260676039940e-02  1.2174034616965274e-06  7.2093509385299566e-36
 129  7.7748591571009870e-02  9.8429012330953856e-07  2.2836020809486102e-36
 130  7.4730214658729324e-02  7.9452863991837694e-07  7.1880274811320611e-37
 131  7.1807154901783687e-02  6.4031556613339812e-07  2.2484234624435673e-37
 132  6.8977428863398582e-02  5.1520121384838620e-07  6.9893937256544902e-38
 133  6.6239047404752907e-02  4.1386457361280864e-07  2.1592739668207496e-38
 134  6.3590018284944649e-02  3.3192382732447131e-07  6.6297409292199201e-39
 135  6.1028348662626707e-02  2.6577715827507798e-07  2.0231102302034389e-39
 136  5.8552047498908896e-02  2.1246929267277759e-07  6.1360688033598764e-40
 137  5.6159127860996132e-02  1.6957984500838238e-07  1.8497881045291906e-40
 138  5.3847609126624556e-02  1.3513009736170557e-07  5.5427861977511565e-41
 139  5.1615519089183673e-02  1.0750532862653547e-07  1.6509040987473443e-41
 140  4.9460895964018807e-02  8.5390231654979890e-08  4.8878315095399469e-42
 141  4.7381790296183265e-02  6.7715321801721668e-08  1.4385476584925449e-42
 142  4.5376266770532601e-02  5.3612555950495599e-08  4.2088050635979259e-43
 143  4.3442405924773261e-02  4.2378652865421675e-08  1.2241444784902985e-43
 144  4.1578305766720933e-02  3.3444839068710040e-08  3.5396354391881847e-44
 145  3.9782083296684229e-02  2.6351944282351109e-08  1.0175340733807067e-44
 146  3.8051875936556352e-02  2.0729941139871019e-08  2.9081475514625572e-45
 147  3.6385842866793770e-02  1.6281169245851141e-08  8.2636772429391453e-46
 148  3.4782166273156390e-02  1.2766607161538093e-08  2.3347047747219076e-46
 149  3.3239052504611580e-02  9.9946605443695963e-09  6.5584996498611137e-47
 150  3.1754733144533587e-02  7.8120231192666162e-09  1.8319053107736538e-47
 151  3.0327465996784087e-02  6.0962417297159918e-09  5.0879113128254923e-48
 152  2.8955535989028905e-02  4.7496794287987131e-09  1.4051604982852563e-48
 153  2.7637255995020742e-02  3.6946231804418302e-09  3.8589933273976459e-49
 154  2.6370967578394199e-02  2.8693267692715624e-09  1.0538906001571411e-49
 155  2.5155041659808842e-02  2.2248162748090398e-09  2.8622137444359442e-50
 156  2.3987879110147339e-02  1.7223160799535191e-09  7.7304567012302367e-51
 157  2.2867911271673320e-02  1.3311788212690552e-09  2.0764249372718064e-51
 158  2.1793600409988456e-02  1.0272237754458874e-09  5.5468530733668897e-52
 159  2.0763440098726545e-02  7.9140561606678368e-10  1.4736952678779868e-52
 160  1.9775955539930837e-02  6.0874986512062176e-10  3.8941303548154906e-53
 161  1.8829703822051229e-02  4.6750321072818086e-10  1.0234488272619355e-53
 162  1.7923274118591199e-02  3.5845659372186115e-10  2.6753809193857686e-54
 163  1.7055287829307306e-02  2.7440694100499560e-10  6.9563251147056588e-55
 164  1.6224398667054579e-02  2.0972994528634780e-10  1.7991181813332828e-55
 165  1.5429292692115659e-02  1.6004161199372640e-10  4.6284526616878348e-56
 166  1.4668688297153530e-02  1.2193062635717765e-10  1.1844559827274515e-56
 167  1.3941336144531104e-02  9.2747112948735595e-11  3.0152238603313660e-57
 168  1.3246019059170238e-02  7.0436212708048499e-11  7.6356887843463624e-58
 169  1.2581551878570853e-02  5.3407209937620731e-11  1.9236023765431410e-58
 170  1.1946781263185024e-02  4.0430804152919492e-11  4.8209335214056734e-59
 171  1.1340585468617517e-02  3.0558621663409308e-11  1.2020041751956090e-59
 172  1.0761874082862952e-02  2.3060267307979690e-11  2.9816040461573249e-60
 173  1.0209587729876565e-02  1.7374183632516061e-11  7.3582274201754852e-61
 174  9.6826977427006723e-03  1.3069358612517523e-11  1.8066985449493795e-61
 175  9.1802058072448980e-03  9.8155410460660431e-12  4.4136446391092300e-62
 176  8.7011435799546934e-03  7.3601153160290571e-12  1.0727982699033849e-62
 177  8.2445722802435197e-03  5.5101790005016023e-12  2.5945232940407519e-63
 178  7.8095822609399491e-03  4.1186777833091952e-12  6.2434637339031758e-64
 179  7.3952925573790903e-03  3.0736984453112786e-12  1.4949674885503983e-64
 180  7.0008504184145455e-03  2.2902154439024192e-12  3.5619317210362679e-65
 181  6.6254308197110706e-03  1.7037402111693058e-12  8.4449405862604080e-66
 182  6.2682359626314577e-03  1.2654432529413648e-12  1.9923892001314910e-66
 183  5.9284947587849371e-03  9.3841416884271574e-13  4.6776493814574967e-67
 184  5.6054623036045437e-03  6.9479924040146796e-13  1.0928645063799002e-67
 185  5.2984193387033730e-03  5.1361456074702291e-13  2.5409688331314332e-68
 186  5.0066717064522264e-03  3.7907823665485813e-13  5.8794383138911455e-69
 187  4.7295497961852770e-03  2.7934070702804854e-13  1.3538946568748706e-69
 188  4.4664079855772096e-03  2.0551985129315508e-13  3.1028117735486072e-70
 189  4.2166240762272341e-03  1.5096901478423644e-13  7.0771177825925762e-71
 190  3.9795987271253963e-03  1.1072270392835527e-13  1.6065590819224345e-71
 191  3.7547548846346957e-03  8.1077563333449268e-14  3.6298196459391697e-72
 192  3.5415372128329240e-03  5.9276173715190765e-14  8.1626312108473545e-73
 193  3.3394115224117619e-03  4.3268857912107054e-14  1.8270092145139282e-73
 194  3.1478642021880139e-03  3.1534563684003057e-14  4.0702896851050697e-74
 195  2.9664016509501827e-03  2.2946406065732863e-14  9.0259399886529430e-75
 196  2.7945497139552945e-03  1.6670910031767123e-14  1.9922808589962425e-75
 197  2.6318531212811995e-03  1.2092638148346655e-14  4.3773177818733321e-76
 198  2.4778749326656961e-03  8.7579055519270061e-15  9.5735567446069941e-77
 199  2.3321959854697124e-03  6.3328214196755052e-15  2.0842727523416908e-77
 200  2.1944143507769453e-03  4.5720644688088780e-15  4.5171029769328934e-78
 201  2.0641447936415964e-03  3.2956866019680300e-15  9.7453577180776140e-79
 202  1.9410182429515210e-03  2.3719103055846369e-15  2.0930327361010515e-79
 203  1.8246812662262332e-03  1.7043930377034178e-15  4.4750998264927983e-80
 204  1.7147955553563723e-03  1.2228148805330968e-15  9.5254581871363192e-81
 205  1.6110374178346743e-03  8.7593422205931375e-16  2.0185214769136587e-81
 206  1.5130972801207093e-03  6.2647310567213270e-16  4.2584649807612423e-82
 207  1.4206791968303749e-03  4.4735662253628706e-16  8.9444324401754360e-83
 208  1.3335003731382135e-03  3.1895260757929320e-16  1.8704247382313893e-83
 209  1.2512906931202350e-03  2.2704902227801325e-16  3.8942435826420450e-84
 210  1.1737922622971635e-03  1.6137440541640491e-16  8.0725183511371325e-85
 211  1.1007589560211709e-03  1.1451742194122885e-16  1.6661173794726469e-85
 212  1.0319559829822750e-03  8.1139197396664085e-17  3.4238938481798018e-86
 213  9.6715945425162610e-04  5.7400072467272619e-17  7.0058461524121265e-87
 214  9.0615596831983020e-04  4.0543115039396510e-17  1.4273613008814884e-87
 215  8.4874220115723734e-04  2.8592035813825589e-17  2.8956603151764350e-88
 216  7.9472451312678760e-04  2.0132452860734628e-17  5.8493686018819640e-89
 217  7.4391856019447749e-04  1.4153775532146567e-17  1.1765903886856972e-89
 218  6.9614892285980762e-04  9.9351007073006983e-18  2.3566969266059315e-90
 219  6.5124873844618961e-04  6.9630090196917363e-18  4.7005800859264251e-91
 220  6.0905935201842842e-04  4.8724424023460893e-18  9.3363163352750424e-92
 221  5.6942996950200069e-04  3.4042535696703174e-18  1.8466436190593372e-92
 222  5.3221733040832524e-04  2.3747772543810571e-18  3.6373161434990106e-93
 223  4.9728538137213513e-04  1.6540552512731678e-18  7.1347110528632565e-94
 224  4.6450497038058580e-04  1.1502802397898270e-18  1.3937215289278951e-94
 225  4.3375354017774460e-04  7.9870091963398854e-19  2.7113573533501260e-95
 226  4.0491484359182078e-04  5.5372222122053823e-19  5.2530973691829690e-96
 227  3.7787865613335414e-04  3.8328985844085780e-19  1.0136052147173802e-96
 228  3.5254051193498668e-04  2.6490531907660884e-19  1.9478415592013935e-97
 229  3.2880143476337822e-04  1.8280260100856576e-19  3.7280050278981519e-98
 230  3.0656769402696399e-04  1.2595133443507587e-19  7.1063082067876478e-99
 231  2.8575055332898450e-04  8.6646745506204788e-20  1.3491581143295523e-99
 232  2.6626604595964909e-04  5.9515650791764329e-20  2.5511702850084115e-100
 233  2.4803474003686209e-04  4.0816892723773592e-20  4.8048553278029713e-101
 234  2.3098153287930850e-04  2.7949811725657455e-20  9.0134673849365599e-102
 235  2.1503543171031149e-04  1.9109459366238002e-20  1.6841492223770736e-102
 236  2.0012936630688964e-04  1.3045143333402524e-20  3.1343875862618520e-103
 237  1.8619998417840935e-04  8.8916145230435119e-21  5.8105144732845479e-104
 238  1.7318748090313195e-04  6.0512359928584402e-21  1.0729327441364694e-104
 239  1.6103540863453104e-04  4.1118723505349811e-21  1.9734796708779865e-105
 240  1.4969052357098093e-04  2.7897648961825795e-21  3.6157736871696018e-106
 241  1.3910260658625177e-04  1.8898546922100035e-21  6.5990950938693723e-107
 242  1.2922432732979258e-04  1.2782695041385752e-21  1.1997429156479305e-107
 243  1.2001107572128765e-04  8.6327672166526435e-22  2.1727948274732691e-108
 244  1.1142084224878620e-04  5.8211876838410864e-22  3.9199630754217049e-109
 245  1.0341405900738324e-04  3.9192911360140345e-22  7.0450477671706064e-110
 246  9.5953495850956941e-05  2.6347425446027531e-22  1.2613353066015762e-110
 247  8.9004109588846099e-05  1.7684955169744507e-22  2.2497160347308524e-111
 248  8.2532955755339904e-05  1.1852371281786483e-22  3.9974335535224181e-112
 249  7.6509044502153680e-05  7.9312643164138997e-23  7.0761498384466401e-113
 250  7.0903267879770241e-05  5.2992679295908843e-23  1.2479028755493741e-113
 251  6.5688260873646983e-05  3.5352977680577392e-23  2.1924933798363994e-114
 252  6.0838344245354149e-05  2.3549038284713813e-23  3.8377372825659027e-115
 253  5.6329389052348743e-05  1.5662381480731521e-23  6.6926375321490350e-116
 254  5.2138775277651059e-05  1.0401123553716997e-23  1.1628136241263097e-116
 255  4.8245258041626942e-05  6.8966937308306595e-24  2.0128863560115693e-117
 256  4.4628942460621454e-05  4.5660456017464933e-24  3.4716049262359542e-118
 257  4.1271149598642818e-05  3.0184122960926556e-24  5.9655261386374980e-119
 258  3.8154408242900993e-05  1.9923071091782747e-24  1.0213629816237387e-119
 259  3.5262318446750708e-05  1.3130274609394034e-24  1.7423276448990302e-120
 260  3.2579561199669778e-05  8.6403538838820281e-25  2.9614425468990474e-121
 261  3.0091757172258462e-05  5.6771431419442843e-25  5.0154042842369609e-122
 262  2.7785495597525786e-05  3.7245100377100218e-25  8.4633651574817615e-123
 263  2.5648185534641503e-05  2.4397753647443956e-25  1.4230495489869037e-123
 264  2.3668105676945267e-05  1.5957774415849034e-25  2.3841965421652655e-124
 265  2.1834245092172436e-05  1.0421662091675450e-25  3.9802872906190897e-125
 266  2.0136376141969166e-05  6.7958571392023866e-26  6.6212857739941411e-126
 267  1.8564881218902493e-05  4.4248085190016365e-26  1.0975668223672779e-126
 268  1.7110851516650557e-05  2.8766572034650701e-26  1.8129485567828715e-127
 269  1.5765895751968546e-05  1.8673491806805715e-26  2.9840835453972891e-128
 270  1.4522268181456067e-05  1.2103393534854084e-26  4.8945474556383393e-129
 271  1.3372654650147348e-05  7.8330946295679357e-27  8.0000965534613852e-130
 272  1.2310334030968015e-05  5.0617955162534212e-27  1.3030589144656103e-130
 273  1.1328936157019184e-05  3.2660379802714324e-27  2.1150663740793543e-131
 274  1.0422641789277511e-05  2.1041838428469800e-27  3.4212123622781184e-132
 275  9.5859060382024333e-06  1.3536062658456716e-27  5.5148927815844017e-133
 276  8.8137030752925553e-06  8.6945610679601445e-28  8.8593124568065220e-134
 277  8.1012074964747591e-06  5.5763497936577393e-28  1.4183183923807367e-134
 278  7.4440913220658061e-06  3.5710818457740132e-28  2.2628879849134171e-135
 279  6.8381543570850958e-06  2.2834812960155325e-28  3.5980963631417408e-136
 280  6.2796826186414043e-06  1.4579525277981176e-28  5.7017439823994983e-137
 281  5.7650170552015341e-06  9.2947559024056794e-29  9.0047689063641439e-138
 282  5.2902184999498205e-06  5.9167291309730327e-29  1.4173336095152973e-138
 283  4.8530505897589699e-06  3.7607537062120452e-29  2.2233659220107211e-139
 284  4.4506580265244028e-06  2.3868109181335499e-29  3.4761123990218452e-140
 285  4.0803915095574209e-06  1.5125560342066841e-29  5.4165819365371415e-141
 286  3.7397937384689023e-06  9.5709638742767415e-30  8.4122092969275709e-142
 287  3.4265862992618470e-06  6.0471542200979203e-30  1.3021249060833302e-142
 288  3.1386573830492454e-06  3.8150302957544525e-30  2.0088966605551504e-143
 289  2.8740502893331039e-06  2.4032388349737256e-30  3.0890820633383207e-144
 290  2.6309526682013776e-06  1.5116396973555230e-30  4.7344843902570757e-145
 291  2.4076864581240137e-06  9.4940709814536885e-31  7.2325558544961882e-146
 292  2.2026984782592212e-06  5.9540147956941236e-31  1.1012634118683817e-146
 293  2.0145516363186149e-06  3.7283872411884995e-31  1.6713805687046369e-147
 294  1.8419167150872354e-06  2.3312358057086245e-31  2.5284164179335354e-148
 295  1.6835647026538920e-06  1.4554788705568294e-31  3.8125481227564351e-149
 296  1.5383596332811601e-06  9.0736189046340169e-32  5.7303333303057023e-150
 297  1.4052519076350912e-06  5.6482058396149900e-32  8.5851239382481159e-151
 298  1.2832720628046730e-06  3.5107206140288826e-32  1.2820934285330162e-151
 299  1.1715249641727910e-06  2.1789046167003592e-32  1.9085496567216976e-152
 300  1.0691843927563375e-06  1.3503202730883101e-32  2.8320582204218208e-153
 301  9.7548800311569773e-07  8.3558839564142463e-33  4.1890932515773709e-154
 302  8.8973262834556670e-07  5.1630398796329306e-33  6.1767668192624536e-155
 303  8.1126991000241180e-07  3.1854915082487079e-33  9.0788298704393381e-156
 304  7.3950223210131490e-07  1.9624822706493803e-33  1.3302405543831873e-156
 305  6.7387893952887590e-07  1.2072404442607233e-33  1.9429706580394410e-157
 306  6.1389282237169306e-07  7.4155092672258679e-34  2.8290599258041955e-158
 307  5.5907684875406542e-07  4.5482862091847678e-34  4.1064067852995812e-159
 308  5.0900112981627717e-07  2.7855734552901988e-34  5.9419604333570874e-160
 309  4.6327010144845173e-07  1.7034990632048399e-34  8.5713559632105783e-161
 310  4.2151990832670777e-07  1.0402316559755130e-34  1.2326088969801121e-161
 311  3.8341597668042929e-07  6.3427784967963644e-35  1.7670996243883815e-162
 312  3.4865076305400513e-07  3.8618087893267570e-35  2.5255774845736240e-163
 313  3.1694166711548875e-07  2.3478165554783015e-35  3.5985556243595607e-164
 314  2.8802909731030853e-07  1.4252798922503338e-35  5.1117253981302229e-165
 315  2.6167467886239777e-07  8.6397105025158388e-36  7.2390649510265218e-166
 316  2.3765959428982199e-07  5.2295183281817600e-36  1.0220613414598680e-166
 317  2.1578304722902114e-07  3.1607350131784729e-36  1.4386489325394258e-167
 318  1.9586084095295027e-07  1.9075626797467094e-36  2.0189236550393819e-168
 319  1.7772406352542883e-07  1.1495670629671300e-36  2.8247236887647761e-169
 320  1.6121787205857706e-07  6.9175929890469075e-37  3.9402777584559658e-170
 321  1.4620036903394004e-07  4.1566296646118757e-37  5.4799456871792478e-171
 322  1.3254156411233687e-07  2.4939843702676162e-37  7.5985016826385059e-172
 323  1.2012241529412003e-07  1.4942133942477809e-37  1.0504749183574615e-172
 324  1.0883394370182921e-07  8.9391960357835305e-38  1.4479485313973258e-173
 325  9.8576416642557098e-08  5.3401280660541554e-38  1.9899123888931053e-174
 326  8.9258593969038115e-08  3.1854639487854305e-38  2.7266653589028282e-175
 327  8.0797033097793520e-08  1.8974134046684357e-38  3.7252070739346523e-176
 328  7.3115448360837293e-08  1.1285476996640898e-38  5.0745006322257073e-177
 329  6.6144120665625461e-08  6.7026570463166124e-39  6.8922991170593628e-178
 330  5.9819353717231472e-08  3.9750595436634949e-39  9.3339703746428917e-179
 331  5.4082973318211481e-08  2.3540207051495528e-39  1.2603865961109001e-179
 332  4.8881866506296882e-08  1.3920260331722843e-39  1.6969917570841097e-180
 333  4.4167557518882652e-08  8.2196876530112228e-40  2.2782312891446184e-181
 334  3.9895817787185702e-08  4.8465711224973210e-40  3.0497308887525251e-182
 335  3.6026307362801215e-08  2.8535509045183507e-40  4.0707491182838908e-183
 336  3.2522245366017164e-08  1.6776789576610778e-40  5.4180091772091944e-184
 337  2.9350107219445980e-08  9.8492855918587214e-41  7.1905343227074047e-185
 338  2.6479346593045757e-08  5.7739588581348200e-41  9.5157286627205945e-186
 339  2.3882140138142034e-08  3.3799958159065232e-41  1.2556997475602856e-186
 340  2.1533153229296204e-08  1.9757527975346297e-41  1.6523263518050169e-187
 341  1.9409325064436082e-08  1.1532499810159118e-41  2.1680809460633231e-188
 342  1.7489671596169956e-08  6.7218552688790404e-42  2.8367963270960536e-189
 343  1.5755104881217398e-08  3.9122820054554084e-42  3.7013244812241986e-190
 344  1.4188267540947034e-08  2.2737718432234972e-42  4.8157710019602779e-191
 345  1.2773381124621336e-08  1.3195923749997705e-42  6.2482365729948969e-192
 346  1.1496107258591165e-08  7.6473212755496798e-43  8.0841685604139380e-193
 347  1.0343420549810658e-08  4.4254347765781089e-43  1.0430443763650517e-193
 348  9.3034922910823548e-09  2.5572905132880991e-43  1.3420323849454545e-194
 349  8.3655840887945681e-09  1.4756458836115359e-43  1.7219448124937179e-195
 350  7.5199506019556995e-09  8.5028132237525790e-44  2.2033054261313035e-196
 351  6.7577506444188618e-09  4.8924002445973345e-44  2.8114646494171382e-197
 352  6.0709659606585970e-09  2.8109985176432355e-44  3.5776362789057687e-198
 353  5.4523270396234310e-09  1.6127943668231194e-44  4.5401327503397450e-199
 354  4.8952453813378622e-09  9.2401191153137246e-45  5.7458314151603015e-200
 355  4.3937516773414127e-09  5.2863605386434476e-45  7.2519083848866716e-201
 356  3.9424394089895103e-09  3.0200704506799175e-45  9.1278808614605282e-202
 357  3.5364134073439205e-09  1.7228953600406192e-45  1.1458003456553753e-202
 358  3.1712429550763954e-09  9.8148283631754520e-46  1.4344068756763047e-203
 359  2.8429190447108972e-09  5.5832740573648145e-46  1.7908667240885871e-204
 360  2.5478154388360129e-09  3.1715974479737835e-46  2.2298966505745696e-205
 361  2.2826532068160431e-09  1.7990800987779092e-46  2.7691074491088670e-206
 362  2.0444684391903773e-09  1.0190763293662709e-46  3.4295055869801732e-207
 363  1.8305828655384108e-09  5.7643076657341054e-47  4.2360674818434302e-208
 364  1.6385771242527815e-09  3.2559090535868769e-47  5.2183940808289266e-209
 365  1.4662664535482839e-09  1.8364643461550641e-47  6.4114536634341533e-210
 366  1.3116785922690752e-09  1.0343757025428057e-47  7.8564209374866654e-211
 367  1.1730336967653325e-09  5.8178181644540579e-48  9.6016205068698388e-212
 368  1.0487260964065117e-09  3.2675967107574563e-48  1.1703582630430957e-212
 369  9.3730772528806238e-10  1.8326675155399725e-48  1.4228218830875212e-213
 370  8.3747308147068502e-10  1.0264227974339644e-48  1.7252124316159218e-214
 371  7.4804557775784710e-10  5.7405925589979341e-49  2.0864013308580508e-215
 372  6.6796515965369295e-10  3.2060879829439604e-49  2.5166292202845283e-216
 373  5.9627707682891374e-10  1.7880632559578454e-49  3.0276773959075514e-217
 374  5.3212170423022465e-10  9.9581692357008109e-50  3.6330535247085559e-218
 375  4.7472531796803663e-10  5.5381633379232544e-50  4.3481915564639695e-219
 376  4.2339173937002831e-10  3.0756867644357505e-50  5.1906654829809449e-220
 377  3.7749476815426367e-10  1.7057248847541556e-50  6.1804162777300171e-221
 378  3.3647133260858898e-10  9.4464114496259296e-51  7.3399909860039211e-222
 379  2.9981529101357844e-10  5.2241564431961541e-51  8.6947925269541921e-223
 380  2.6707182436081940e-10  2.8850768532300097e-51  1.0273338315233041e-223
 381  2.3783236573988280e-10  1.5910760874916566e-51  1.2107525313908749e-224
 382  2.1173001663569674e-10  8.7622837718462380e-52  1.4232898595745661e-225
 383  1.8843540482999813e-10  4.8187781860662811e-52  1.6688919922418681e-226
 384  1.6765294267003058e-10  2.6463681898038709e-52  1.9519232258123573e-227
 385  1.4911744818602105e-10  1.4513018984305990e-52  2.2771915524580758e-228
 386  1.3259109493511698e-10  7.9480369434851555e-53  2.6499728289771149e-229
 387  1.1786065955006140e-10  4.3466739351093490e-53  3.0760329475976361e-230
 388  1.0473503880049972e-10  2.3738308798380349e-53  3.5616473588783160e-231
 389  9.3043010556083258e-11  1.2946085411542591e-53  4.1136172424364848e-232
 390  8.2631215394314297e-11  7.0505597306680194e-54  4.7392815725841473e-233
 391  7.3362337741544236e-11  3.8344723853561153e-54  5.4465242850407116e-234
 392  6.5113467390346428e-11  2.0824998444467737e-54  6.2437757197703298e-235
 393  5.7774624016865558e-11  1.1294373372657680e-54  7.1400074957640606e-236
 394  5.1247428942613349e-11  6.1169870160208046e-55  8.1447199683578134e-237
 395  4.5443909860239165e-11  3.3083518148533159e-55  9.2679214304967856e-238
 396  4.0285425584636716e-11  1.7868371798018642e-55  1.0520098248159018e-238
 397  3.5701699110902963e-11  9.6373558501124833e-56  1.1912175168682633e-239
 398  3.1629948369736803e-11  5.1907592480847526e-56  1.3455465110494735e-240
 399  2.8014105078568322e-11  2.7919292572613601e-56  1.5161607834876980e-241
 400  2.4804113001948337e-11  1.4996120489992394e-56  1.7042497015684388e-242
 401  2.1955297765659617e-11  8.0436816973907121e-57  1.9110195361650784e-243
 402  1.9427801123105831e-11  4.3085658170910014e-57  2.1376837607822134e-244
 403  1.7186073256628726e-11  2.3046922559294366e-57  2.3854521376924839e-245
 404  1.5198417316753646e-11  1.2311074673272102e-57  2.6555186116631594e-246
 405  1.3436580964688756e-11  6.5672304573851649e-58  2.9490480542598081e-247
 406  1.1875390192932866e-11  3.4984226223178867e-58  3.2671619256994430e-248
 407  1.0492421160358120e-11  1.8610861171800852e-58  3.6109229464550211e-249
 408  9.2677061959902369e-12  9.8870175203508997e-59  3.9813188968718273e-250
 409  8.1834705038932398e-12  5.2452867102362358e-59  4.3792456894675134e-251
 410  7.2238964437120104e-12  2.7789370607991224e-59  4.8054898848196828e-252
 411  6.3749125708494397e-12  1.4702601852037388e-59  5.2607108474202027e-253
 412  5.6240048999771482e-12  7.7681239475181466e-60  5.7454227619804662e-254
 413  4.9600481083536204e-12  4.0986894800720434e-60  6.2599767527707205e-255
 414  4.3731546237595567e-12  2.1596395147630296e-60  6.8045433680250597e-256
 415  3.8545397480410934e-12  1.1363846206834484e-60  7.3790957076054262e-257
 416  3.3964011533557936e-12  5.9714214144067976e-61  7.9833934843814532e-258
 417  2.9918112561348406e-12  3.1335659768960151e-61  8.6169683175794123e-259
 418  2.6346211252270370e-12  1.6421361822083287e-61  9.2791105591744137e-260
 419  2.3193747172387593e-12  8.5938775161173842e-62  9.9688579518153690e-261
 420  2.0412323551488462e-12  4.4913744928763388e-62  1.0684986408446282e-261
 421  1.7959024771479207e-12  2.3441206095192692e-62  1.1426003189494758e-262
 422  1.5795807824984014e-12  1.2217762301422776e-62  1.2190142733136646e-263
 423  1.3888959910965401e-12  6.3593815207731249e-63  1.2975365367745359e-264
 424  1.2208615143046255e-12  3.3055980008485294e-63  1.3779359103367910e-265
 425  1.0728324073833780e-12  1.7159222221820862e-63  1.4599544661254355e-266
 426  9.4246703928307165e-13  8.8952472077278002e-64  1.5433083857566061e-267
 427  8.2769297436407762e-13  4.6050225861143260e-64  1.6276891410005760e-268
 428  7.2667661346256606e-13  2.3807800981051705e-64  1.7127650184987573e-269
 429  6.3779618918270093e-13  1.2291957095652427e-64  1.7981829848959310e-270
 430  5.5961775291449466e-13  6.3377846535598353e-65  1.8835708831570272e-271
 431  4.9087382932737750e-13  3.2633906820031362e-65  1.9685399451600472e-272
 432  4.3044444840818121e-13  1.6780939228088518e-65  2.0526876000051794e-273
 433  3.7734029589140027e-13  8.6174648780057494e-66  2.1356005519707475e-274
 434  3.3068775052408838e-13  4.4193591658292938e-66  2.2168580967965477e-275
 435  2.8971560133789430e-13  2.2633725850599331e-66  2.2960356400999312e-276
 436  2.5374326025565801e-13  1.1576312370745116e-66  2.3727083773407404e-277
 437  2.2217030520050284e-13  5.9129242214140570e-67  2.4464550909515308e-278
 438  1.9446720663667370e-13  3.0161486137161606e-67  2.5168620171329265e-279
 439  1.7016710636551710e-13  1.5364624968346473e-67  2.5835267324611532e-280
 440  1.4885853161801807e-13  7.8164661738756076e-68  2.6460620089315951e-281
 441  1.3017894019928292e-13  3.9711716504691069e-68  2.7040995854173380e-282
 442  1.1380900380520921e-13  2.0148700483676810e-68  2.7572938037854619e-283
 443  9.9467546786748277e-14  1.0209302078930688e-68  2.8053250590970643e-284
 444  8.6907066708075935e-14  5.1661398162852757e-69  2.8479030154103107e-285
 445  7.5909771144441920e-14  2.6107050087315471e-69  2.8847695416797410e-286
 446  6.6284072394862857e-14  1.3175631830603183e-69  2.9157013260504946e-287
 447  5.7861488235265108e-14  6.6406036140097029e-70  2.9405121314152338e-288
 448  5.0493902591004498e-14  3.3424627727331494e-70  2.9590546603495068e-289
 449  4.4051145137360274e-14  1.6801535414905388e-70  2.9712220033679813e-290
 450  3.8418853408560264e-14  8.4344193947197022e-71  2.9769486507365169e-291
 451  3.3496585069297636e-14  4.2284937848719462e-71  2.9762110547104351e-292
 452  2.9196151630595998e-14  2.1170978994536711e-71  2.9690277359174578e-293
 453  2.5440148121822283e-14  1.0585743884919291e-71  2.9554589345304004e-294
 454  2.2160656105247527e-14  5.2860038591399522e-72  2.9356058137448302e-295
 455  1.9298099976981968e-14  2.6360866268248598e-72  2.9096092297579195e-296
 456  1.6800238772536931e-14  1.3128600841588618e-72  2.8776480888094914e-297
 457  1.4621277717278148e-14  6.5298654270917720e-73  2.8399373177760731e-298
 458  1.2721085558998436e-14  3.2435268230207070e-73  2.7967254801959873e-299
 459  1.1064505316224593e-14  1.6090097957679852e-73  2.7482920743539707e-300
 460  9.6207474935625594e-15  7.9712837665480514e-74  2.6949445540886184e-301
 461  8.3628560739269909e-15  3.9439072585250186e-74  2.6370151162432389e-302
 462  7.2672387143611579e-15  1.9487423177176076e-74  2.5748573011164357e-303
 463  6.3132535629253431e-15  9.6163860914203867e-75  2.5088424538574084e-304
 464  5.4828459927365004e-15  4.7391404045837743e-75  2.4393560954857443e-305
 465  4.7602293280989231e-15  2.3324799697685466e-75  2.3667942521076112e-306
 466  4.1316043278526657e-15  1.1464823908201762e-75  2.2915597899784638e-307
 467  3.5849128024598722e-15  5.6279266372914966e-76  2.2140588023714416e-308
 468  3.1096212827511347e-15  2.7590622194674000e-76  2.1346970918098719e-309
 469  2.6965311375062764e-15  1.3508497400775925e-76  2.0538767881836367e-310
 470  2.3376119611299401e-15  6.6051932688801475e-77  1.9719931396746140e-311
 471  2.0258554278188010e-15  3.2255026791072929e-77  1.8894315093585329e-312
 472  1.7551471403361804e-15  1.5730521826505465e-77  1.8065646059029961e-313
 473  1.5201542947322489e-15  7.6616648751179920e-78  1.7237499721422238e-314
 474  1.3162272414496351e-15  3.7268157942585396e-78  1.6413277499218477e-315
 475  1.1393132521244136e-15  1.8104557314799571e-78  1.5596187534568234e-316
 476  9.8588100348699395e-16  8.7836202982256624e-79  1.4789227644887497e-317
 477  8.5285446815576896e-16  4.2559381861597015e-79  1.3995150516922070e-318
 478  7.3755505952368283e-16  2.0594613086261938e-79  1.3216750091899186e-319
 479  6.3765101678283396e-16  9.9528849482296030e-80  1.2455394931657825e-320
 480  5.5111313856062065e-16  4.8037655623875971e-80  1.1709355806437543e-321
 481  4.7617608155579946e-16  2.3155414093771161e-80  1.0869444208507424e-322
 482  4.1130453565121840e-16  1.1147094407242333e-80  9.8813129168249309e-324
 483  3.5516367073697586e-16  5.3593193802441777e-81  0.0000000000000000e+00
 484  3.0659332422775666e-16  2.5733382971768458e-81  0.0000000000000000e+00
 485  2.6458546317392146e-16  1.2340247350878135e-81  0.0000000000000000e+00
 486  2.2826451198574213e-16  5.9100483746701542e-82  0.0000000000000000e+00
 487  1.9687018703263615e-16  2.8268245063556689e-82  0.0000000000000000e+00
 488  1.6974252355693193e-16  1.3503543651129968e-82  0.0000000000000000e+00
 489  1.4630881917309605e-16  6.4422593176073211e-83  0.0000000000000000e+00
 490  1.2607225234353751e-16  3.0695212766946092e-83  0.0000000000000000e+00
 491  1.0860196419219118e-16  1.4606479087756513e-83  0.0000000000000000e+00
 492  9.3524418332680990e-17  6.9416599149288500e-84  0.0000000000000000e+00
 493  8.0515876486526658e-17  3.2947652292933641e-84  0.0000000000000000e+00
 494  6.9295847934790149e-17  1.5618143737680579e-84  0.0000000000000000e+00
 495  5.9621388624465586e-17  7.3939857210870392e-85  0.0000000000000000e+00
 496  5.1282141339295216e-17  3.4960086685695559e-85  0.0000000000000000e+00
 497  4.4096022008455420e-17  1.6508649441384937e-85  0.0000000000000000e+00
 498  3.7905469199166656e-17  7.7856735762289073e-86  0.0000000000000000e+00
 499  3.2574184326411539e-17  3.6671349194780375e-86  0.0000000000000000e+00
 500  2.7984299295721078e-17  1.7250595294369985e-86  0.0000000000000000e+00
 501  2.4033916332855977e-17  8.1045374750907892e-87  0.0000000000000000e+00
 502  2.0634971787480804e-17  3.8027675770701204e-87  0.0000000000000000e+00
 503  1.7711381850032139e-17  1.7820471005476309e-87  0.0000000000000000e+00
 504  1.5197433500455897e-17  8.3403998523362096e-88  0.0000000000000000e+00
 505  1.3036388709742309e-17  3.8985518196645045e-88  0.0000000000000000e+00
 506  1.1179274024056288e-17  1.8199897618220927e-88  0.0000000000000000e+00
 507  9.5838312503882570e-18  8.4856325372907271e-89  0.0000000000000000e+00
 508  8.2136080966993770e-18  3.9513871922836774e-89  0.0000000000000000e+00
 509  7.0371703552639900e-18  1.8376613990164813e-89  0.0000000000000000e+00
 510  6.0274196051239730e-18  8.5355671586529640e-90  0.0000000000000000e+00
 511  5.1610024919473272e-18  3.9595944595000247e-90  0.0000000000000000e+00
 512  4.4177994594284037e-18  1.8345135014283217e-90  0.0000000000000000e+00
